# oST version 5.0 parameters


[image]

width
1920

height
1208

[narrow_stereo]

camera matrix
1929.437620 0.000000 971.967180
0.000000 1937.506882 581.338188
0.000000 0.000000 1.000000

distortion
-0.467666 0.280594 0.001776 -0.004528 0.000000

rectification
1.000000 0.000000 0.000000
0.000000 1.000000 0.000000
0.000000 0.000000 1.000000

projection
1696.136719 0.000000 964.536060 0.000000
0.000000 1846.796753 580.274078 0.000000
0.000000 0.000000 1.000000 0.000000

