# oST version 5.0 parameters


[image]

width
1920

height
1208

[narrow_stereo]

camera matrix
1782.250483 0.000000 896.419736
0.000000 1769.381032 559.015653
0.000000 0.000000 1.000000

distortion
-0.393574 0.241395 0.004166 0.013838 0.000000

rectification
1.000000 0.000000 0.000000
0.000000 1.000000 0.000000
0.000000 0.000000 1.000000

projection
1587.094238 0.000000 915.543781 0.000000
0.000000 1688.305420 557.758181 0.000000
0.000000 0.000000 1.000000 0.000000

