image_width: 1920
image_height: 1208
camera_name: narrow_stereo
camera_matrix:
  rows: 3
  cols: 3
  data: [1782.250483, 0.000000, 896.419736, 0.000000, 1769.381032, 559.015653, 0.000000, 0.000000, 1.000000]
distortion_model: plumb_bob
distortion_coefficients:
  rows: 1
  cols: 5
  data: [-0.393574, 0.241395, 0.004166, 0.013838, 0.000000]
rectification_matrix:
  rows: 3
  cols: 3
  data: [1.000000, 0.000000, 0.000000, 0.000000, 1.000000, 0.000000, 0.000000, 0.000000, 1.000000]
projection_matrix:
  rows: 3
  cols: 4
  data: [1587.094238, 0.000000, 915.543781, 0.000000, 0.000000, 1688.305420, 557.758181, 0.000000, 0.000000, 0.000000, 1.000000, 0.000000]
