# oST version 5.0 parameters


[image]

width
1920

height
1208

[narrow_stereo]

camera matrix
2087.859892 0.000000 994.306206
0.000000 2102.109607 580.407662
0.000000 0.000000 1.000000

distortion
-0.512408 0.343952 0.001358 -0.012448 0.000000

rectification
1.000000 0.000000 0.000000
0.000000 1.000000 0.000000
0.000000 0.000000 1.000000

projection
1853.980713 0.000000 976.747499 0.000000
0.000000 2011.259277 579.067202 0.000000
0.000000 0.000000 1.000000 0.000000

